long,type,4,0,1
long,size,4,4,5
long,command_type,4,8,9
int,echo_serial_number,4,12,13
enumeration,status,4,16,17
int,state,4,20,21
int,line,4,24,25
int,source_line,4,28,29
char_array,source_file,64,32,33
enumeration,admin_state,4,96,97
int,tt.count,4,100,101
double,tt.last,8,104,105
double,tt.now,8,112,113
double,tt.start,8,120,121
double,tt.elapsed,8,128,129
double,tt.min,8,136,137
double,tt.max,8,144,145
double,tt.avg,8,152,153
double,message_length,4,160,161
double,message_length,4,160,161
double,message,15,164,165
int,test_message_base_var,4,244,180
long,first_count,4,248,184
char,sfoh.x,1,252,188
bool,b,1,253,189
char,c,1,254,190
double,d,8,256,191
int,i,4,264,199
float,f,4,268,203
ushort_array,fw.rangep,24,272,207
enumeration,etd,4,296,231
enumeration,etd2,4,300,235
bool_array,bool_array,4,304,239
int_array,ia,16,308,243
char_array,ca,4,324,259
float_array,fa,16,328,263
double_array,da,32,344,279
double_array,two_d_array,128,376,311
double_array,three_d_array,512,504,439
float,f_pi,4,1016,951
float,cda_length,4,1020,955
float,cda_length,4,1020,955
float,cda,3,1024,959
double,seventysevenpointseven,8,1032,962
double,ida_length,4,1040,970
double,ida_length,4,1040,970
double,ida,0,1044,974
double,eightyeightpointeight,8,1076,974
double,fda_length,4,1084,982
double,fda_length,4,1084,982
double,fda,0,1088,986
double,dda_length,4,1120,986
double,dda_length,4,1120,986
double,dda,0,1124,990
char,s.cs.csc,1,1188,990
int,s.cs.csi,4,1192,991
bool,s.b,1,1196,995
int,s.i,4,1200,996
char,s.c,1,1204,1000
float,s.f,4,1208,1001
double,s.d,8,1212,1005
bool_array,s.bool_array,4,1220,1013
int_array,s.ia,8,1224,1017
char_array,s.ca,2,1232,1025
float_array,s.fa,8,1236,1027
double_array,s.da,16,1244,1035
double_array,s.two_d_array,32,1260,1051
double_array,s.three_d_array,64,1292,1083
double,s.d_pi,8,1356,1147
double,s.cda_length,4,1364,1155
double,s.cda_length,4,1364,1155
double,s.cda,0,1368,1159
double,s.seventysevenpointseven,8,1372,1159
double,s.ida_length,4,1380,1167
double,s.ida_length,4,1380,1167
double,s.ida,0,1384,1171
double,s.eightyeightpointeight,8,1392,1171
double,s.fda_length,4,1400,1179
double,s.fda_length,4,1400,1179
double,s.fda,0,1404,1183
double,s.dda_length,4,1412,1183
double,s.dda_length,4,1412,1183
double,s.dda,0,1416,1187
float,s.f_pi,4,1432,1187
char_array,s.endtsbuf,16,1436,1191
char,s_td2.cs2.csc2,1,1452,1207
int,s_td2.cs2.csi2,4,1456,1208
bool,s_td2.b,1,1460,1212
int,s_td2.i,4,1464,1213
char,s_td2.c,1,1468,1217
float,s_td2.f,4,1472,1218
double,s_td2.d,8,1476,1222
bool_array,s_td2.bool_array,2,1484,1230
int_array,s_td2.ia,8,1488,1232
char_array,s_td2.ca,2,1496,1240
float_array,s_td2.fa,8,1500,1242
double_array,s_td2.da,16,1508,1250
double_array,s_td2.two_d_array,32,1524,1266
double_array,s_td2.three_d_array,64,1556,1298
float,s_td2.f_pi,4,1620,1362
double,s_td2.d_pi,8,1624,1366
double,s_td2.cda_length,4,1632,1374
double,s_td2.cda_length,4,1632,1374
double,s_td2.cda,0,1636,1378
double,s_td2.seventysevenpointseven,8,1640,1378
double,s_td2.ida_length,4,1648,1386
double,s_td2.ida_length,4,1648,1386
double,s_td2.ida,0,1652,1390
double,s_td2.eightyeightpointeight,8,1660,1390
double,s_td2.fda_length,4,1668,1398
double,s_td2.fda_length,4,1668,1398
double,s_td2.fda,0,1672,1402
double,s_td2.dda_length,4,1680,1402
double,s_td2.dda_length,4,1680,1402
double,s_td2.dda,0,1684,1406
char_array,s_td2.endtsbuf,16,1700,1406
char,sa[0].cs.csc,1,1716,1422
int,sa[0].cs.csi,4,1720,1423
bool,sa[0].b,1,1724,1427
int,sa[0].i,4,1728,1428
char,sa[0].c,1,1732,1432
float,sa[0].f,4,1736,1433
double,sa[0].d,8,1740,1437
bool_array,sa[0].bool_array,4,1748,1445
int_array,sa[0].ia,8,1752,1449
char_array,sa[0].ca,2,1760,1457
float_array,sa[0].fa,8,1764,1459
double_array,sa[0].da,16,1772,1467
double_array,sa[0].two_d_array,32,1788,1483
double_array,sa[0].three_d_array,64,1820,1515
double,sa[0].d_pi,8,1884,1579
double,sa[0].cda_length,4,1892,1587
double,sa[0].cda_length,4,1892,1587
double,sa[0].cda,0,1896,1591
double,sa[0].seventysevenpointseven,8,1900,1591
double,sa[0].ida_length,4,1908,1599
double,sa[0].ida_length,4,1908,1599
double,sa[0].ida,0,1912,1603
double,sa[0].eightyeightpointeight,8,1920,1603
double,sa[0].fda_length,4,1928,1611
double,sa[0].fda_length,4,1928,1611
double,sa[0].fda,0,1932,1615
double,sa[0].dda_length,4,1940,1615
double,sa[0].dda_length,4,1940,1615
double,sa[0].dda,0,1944,1619
float,sa[0].f_pi,4,1960,1619
char_array,sa[0].endtsbuf,16,1964,1623
char,sa[1].cs.csc,1,1980,1639
int,sa[1].cs.csi,4,1984,1640
bool,sa[1].b,1,1988,1644
int,sa[1].i,4,1992,1645
char,sa[1].c,1,1996,1649
float,sa[1].f,4,2000,1650
double,sa[1].d,8,2004,1654
bool_array,sa[1].bool_array,4,2012,1662
int_array,sa[1].ia,8,2016,1666
char_array,sa[1].ca,2,2024,1674
float_array,sa[1].fa,8,2028,1676
double_array,sa[1].da,16,2036,1684
double_array,sa[1].two_d_array,32,2052,1700
double_array,sa[1].three_d_array,64,2084,1732
double,sa[1].d_pi,8,2148,1796
double,sa[1].cda_length,4,2156,1804
double,sa[1].cda_length,4,2156,1804
double,sa[1].cda,0,2160,1808
double,sa[1].seventysevenpointseven,8,2164,1808
double,sa[1].ida_length,4,2172,1816
double,sa[1].ida_length,4,2172,1816
double,sa[1].ida,0,2176,1820
double,sa[1].eightyeightpointeight,8,2184,1820
double,sa[1].fda_length,4,2192,1828
double,sa[1].fda_length,4,2192,1828
double,sa[1].fda,0,2196,1832
double,sa[1].dda_length,4,2204,1832
double,sa[1].dda_length,4,2204,1832
double,sa[1].dda,0,2208,1836
float,sa[1].f_pi,4,2224,1836
char_array,sa[1].endtsbuf,16,2228,1840
double,d_pi,8,2244,1856
double,sda_length,4,2252,1864
double,sda_length,4,2252,1864
char,sda[0].cs.csc,1,2256,1868
int,sda[0].cs.csi,4,2260,1869
bool,sda[0].b,1,2264,1873
int,sda[0].i,4,2268,1874
char,sda[0].c,1,2272,1878
float,sda[0].f,4,2276,1879
double,sda[0].d,8,2280,1883
bool_array,sda[0].bool_array,4,2288,1891
int_array,sda[0].ia,8,2292,1895
char_array,sda[0].ca,2,2300,1903
float_array,sda[0].fa,8,2304,1905
double_array,sda[0].da,16,2312,1913
double_array,sda[0].two_d_array,32,2328,1929
double_array,sda[0].three_d_array,64,2360,1961
double,sda[0].d_pi,8,2424,2025
double,sda[0].cda_length,4,2432,2033
double,sda[0].cda_length,4,2432,2033
double,sda[0].cda,0,2436,2037
double,sda[0].seventysevenpointseven,8,2440,2037
double,sda[0].ida_length,4,2448,2045
double,sda[0].ida_length,4,2448,2045
double,sda[0].ida,0,2452,2049
double,sda[0].eightyeightpointeight,8,2460,2049
double,sda[0].fda_length,4,2468,2057
double,sda[0].fda_length,4,2468,2057
double,sda[0].fda,0,2472,2061
double,sda[0].dda_length,4,2480,2061
double,sda[0].dda_length,4,2480,2061
double,sda[0].dda,0,2484,2065
float,sda[0].f_pi,4,2500,2065
char_array,sda[0].endtsbuf,16,2504,2069
char,sda[1].cs.csc,1,2520,2085
int,sda[1].cs.csi,4,2524,2086
bool,sda[1].b,1,2528,2090
int,sda[1].i,4,2532,2091
char,sda[1].c,1,2536,2095
float,sda[1].f,4,2540,2096
double,sda[1].d,8,2544,2100
bool_array,sda[1].bool_array,4,2552,2108
int_array,sda[1].ia,8,2556,2112
char_array,sda[1].ca,2,2564,2120
float_array,sda[1].fa,8,2568,2122
double_array,sda[1].da,16,2576,2130
double_array,sda[1].two_d_array,32,2592,2146
double_array,sda[1].three_d_array,64,2624,2178
double,sda[1].d_pi,8,2688,2242
double,sda[1].cda_length,4,2696,2250
double,sda[1].cda_length,4,2696,2250
double,sda[1].cda,0,2700,2254
double,sda[1].seventysevenpointseven,8,2704,2254
double,sda[1].ida_length,4,2712,2262
double,sda[1].ida_length,4,2712,2262
double,sda[1].ida,0,2716,2266
double,sda[1].eightyeightpointeight,8,2724,2266
double,sda[1].fda_length,4,2732,2274
double,sda[1].fda_length,4,2732,2274
double,sda[1].fda,0,2736,2278
double,sda[1].dda_length,4,2744,2278
double,sda[1].dda_length,4,2744,2278
double,sda[1].dda,0,2748,2282
float,sda[1].f_pi,4,2764,2282
char_array,sda[1].endtsbuf,16,2768,2286
enumeration,enumtestvar,4,3312,2302
enumeration_array,enumtest_dla_length,4,3336,2326
enumeration_array,enumtest_dla_length,4,3336,2326
double,cart.x,8,3368,2342
double,cart.y,8,3376,2350
double,cart.z,8,3384,2358
double,cart_array[0].x,8,3392,2366
double,cart_array[0].y,8,3400,2374
double,cart_array[0].z,8,3408,2382
double,cart_array[1].x,8,3416,2390
double,cart_array[1].y,8,3424,2398
double,cart_array[1].z,8,3432,2406
double,cart_array[2].x,8,3440,2414
double,cart_array[2].y,8,3448,2422
double,cart_array[2].z,8,3456,2430
double,cart_dla_length,4,3464,2438
double,cart_dla_length,4,3464,2438
bool,do_int_size_test,1,3588,2442
short,smin,2,3590,2443
short,smax,2,3592,2445
int,i_smin,4,3596,2447
int,i_smax,4,3600,2451
int,imin,4,3604,2455
int,imax,4,3608,2459
long,l_imin,4,3612,2463
long,l_imax,4,3616,2467
long,lmin,4,3620,2471
long,lmax,4,3624,2475
ushort,usmax,2,3628,2479
uint,ui_usmax,4,3632,2481
uint,uimax,4,3636,2485
ulong,ul_uimax,4,3640,2489
ulong,ulmax,4,3644,2493
double,d_ulmax,8,3648,2497
double,d_lmin,8,3656,2505
double,d_lmax,8,3664,2513
short_array,s_array,6,3672,2521
int_array,i_array,12,3680,2527
long_array,l_array,12,3692,2539
ushort_array,us_array,4,3704,2551
uint_array,ui_array,8,3708,2555
ulong_array,ul_array,8,3716,2563
bool,false_bool,1,3724,2571
bool,true_bool,1,3725,2572
short,sminusone,2,3726,2573
int,iminusone,4,3728,2575
long,lminusone,4,3732,2579
float,fminusone,4,3736,2583
double,dminusone,8,3740,2587
long,last_count,4,3748,2595
long,lastvar,4,3752,2599
